MODULE_SIZE 100
ID	W		H
0	16		70
1	91		3
2	18		63
3	34		20
4	64		89
5	62		13
6	64		82
7	20		76
8	53		8
9	87		52
10	61		61
11	11		25
12	51		69
13	91		23
14	80		30
15	49		57
16	33		42
17	13		41
18	64		74
19	63		58
20	80		41
21	6		82
22	92		6
23	89		54
24	75		72
25	30		61
26	98		86
27	91		6
28	19		50
29	88		76
30	25		20
31	62		14
32	32		81
33	23		60
34	2		76
35	20		22
36	89		94
37	35		22
38	47		17
39	90		90
40	72		10
41	64		30
42	48		36
43	1		95
44	59		59
45	33		24
46	19		31
47	56		31
48	55		12
49	27		21
50	92		57
51	24		83
52	78		79
53	81		49
54	67		3
55	75		12
56	41		46
57	42		80
58	27		52
59	29		32
60	68		6
61	3		90
62	70		58
63	97		90
64	43		68
65	86		62
66	58		77
67	21		69
68	72		59
69	54		12
70	53		90
71	9		22
72	72		12
73	44		94
74	38		22
75	86		81
76	93		8
77	26		94
78	65		89
79	60		89
80	96		93
81	86		37
82	87		37
83	32		20
84	18		73
85	14		72
86	64		37
87	39		83
88	85		32
89	10		3
90	27		77
91	34		29
92	83		49
93	28		60
94	47		73
95	40		16
96	2		39
97	48		66
98	83		5
99	9		31
