MODULE_SIZE 162
ID	W		H
0	5		54
1	49		94
2	29		33
3	22		79
4	21		82
5	72		91
6	23		55
7	58		11
8	40		66
9	3		32
10	51		46
11	45		13
12	87		33
13	51		98
14	38		60
15	24		13
16	56		95
17	46		48
18	54		83
19	91		83
20	72		41
21	95		53
22	100		6
23	95		59
24	84		93
25	48		82
26	62		6
27	51		43
28	93		43
29	45		64
30	41		1
31	91		31
32	54		93
33	46		57
34	78		39
35	7		4
36	85		39
37	81		83
38	63		22
39	6		57
40	97		20
41	48		2
42	43		98
43	7		14
44	62		13
45	78		45
46	28		100
47	16		6
48	60		70
49	2		59
50	32		91
51	79		58
52	43		97
53	52		54
54	29		49
55	16		73
56	31		35
57	2		48
58	58		97
59	100		100
60	1		77
61	56		18
62	13		24
63	23		62
64	90		22
65	61		78
66	30		27
67	22		61
68	91		31
69	78		67
70	74		53
71	8		83
72	86		63
73	40		36
74	78		7
75	43		94
76	70		31
77	55		91
78	73		33
79	97		27
80	7		54
81	91		99
82	32		71
83	50		10
84	33		21
85	99		75
86	15		92
87	51		85
88	67		78
89	27		35
90	57		77
91	75		12
92	88		22
93	43		63
94	13		56
95	64		71
96	89		59
97	51		69
98	74		14
99	90		21
100	72		8
101	32		4
102	79		10
103	18		72
104	11		4
105	66		25
106	68		80
107	15		74
108	26		26
109	32		25
110	19		89
111	78		40
112	73		56
113	31		79
114	5		80
115	94		66
116	69		11
117	77		87
118	64		14
119	93		96
120	8		12
121	66		79
122	78		98
123	72		9
124	92		88
125	16		96
126	99		44
127	19		33
128	32		18
129	47		63
130	71		70
131	48		84
132	62		33
133	35		16
134	99		26
135	51		66
136	27		50
137	76		64
138	82		66
139	28		38
140	8		13
141	66		11
142	15		93
143	97		71
144	74		62
145	61		35
146	61		2
147	53		57
148	71		1
149	44		93
150	41		80
151	96		59
152	11		67
153	15		98
154	18		5
155	15		14
156	20		3
157	56		65
158	82		58
159	7		33
160	96		94
161	55		29
