MODULE_SIZE 500
ID	W		H
0	28		82
1	8		28
2	48		27
3	78		27
4	27		15
5	91		96
6	91		71
7	88		32
8	36		27
9	73		61
10	59		4
11	4		76
12	54		82
13	28		71
14	70		30
15	44		14
16	99		98
17	22		7
18	56		28
19	97		24
20	9		97
21	63		20
22	76		40
23	87		79
24	82		25
25	48		36
26	2		33
27	51		71
28	48		99
29	93		45
30	93		93
31	63		94
32	54		71
33	73		3
34	34		90
35	97		90
36	57		17
37	38		61
38	3		46
39	35		98
40	15		26
41	75		68
42	3		67
43	14		36
44	63		73
45	73		87
46	84		50
47	37		42
48	99		81
49	8		2
50	15		29
51	31		6
52	66		56
53	94		45
54	78		56
55	55		16
56	12		46
57	97		20
58	86		17
59	69		96
60	64		37
61	46		13
62	1		59
63	24		88
64	57		10
65	18		99
66	72		27
67	46		24
68	28		85
69	40		28
70	34		50
71	61		43
72	68		100
73	10		44
74	65		4
75	68		92
76	49		93
77	73		61
78	28		87
79	70		97
80	39		70
81	23		15
82	21		60
83	92		33
84	30		55
85	32		93
86	23		63
87	20		74
88	6		99
89	14		64
90	84		89
91	42		39
92	26		22
93	79		30
94	20		39
95	22		51
96	41		93
97	46		95
98	46		97
99	82		53
100	42		96
101	74		76
102	98		74
103	72		64
104	79		96
105	13		94
106	32		1
107	55		35
108	84		74
109	60		78
110	74		32
111	63		7
112	74		21
113	88		14
114	89		76
115	19		7
116	16		24
117	25		58
118	41		36
119	74		37
120	55		68
121	24		56
122	78		87
123	57		86
124	43		33
125	63		3
126	42		79
127	36		35
128	99		66
129	46		34
130	42		86
131	10		87
132	32		88
133	100		88
134	24		29
135	47		32
136	21		99
137	65		67
138	41		82
139	57		62
140	10		16
141	21		83
142	79		24
143	63		53
144	65		76
145	100		94
146	22		66
147	26		82
148	89		84
149	35		75
150	34		36
151	89		19
152	67		58
153	55		34
154	96		79
155	94		86
156	9		71
157	1		60
158	27		58
159	60		38
160	2		69
161	23		6
162	45		85
163	95		21
164	4		55
165	25		99
166	61		33
167	73		24
168	44		82
169	6		72
170	35		9
171	2		69
172	71		40
173	92		99
174	98		59
175	91		41
176	70		4
177	19		57
178	34		96
179	1		77
180	14		97
181	69		90
182	55		80
183	92		54
184	13		99
185	88		23
186	28		60
187	59		7
188	63		81
189	59		29
190	35		71
191	19		63
192	92		10
193	1		36
194	82		92
195	85		58
196	26		88
197	57		56
198	54		44
199	19		77
200	21		62
201	88		52
202	76		82
203	47		29
204	55		14
205	65		73
206	20		5
207	15		98
208	96		69
209	41		4
210	36		56
211	92		12
212	92		68
213	80		81
214	28		87
215	24		63
216	78		39
217	27		8
218	43		93
219	97		85
220	60		47
221	81		72
222	23		88
223	98		4
224	7		33
225	19		35
226	55		92
227	49		32
228	8		65
229	81		77
230	28		71
231	55		8
232	29		55
233	35		36
234	14		61
235	71		39
236	33		26
237	12		94
238	15		68
239	19		98
240	72		64
241	80		41
242	97		98
243	30		56
244	73		23
245	11		46
246	46		38
247	48		31
248	71		11
249	51		96
250	22		53
251	73		62
252	97		59
253	99		84
254	34		66
255	99		41
256	69		56
257	94		18
258	20		55
259	24		44
260	8		39
261	67		38
262	60		99
263	45		91
264	31		80
265	90		82
266	61		8
267	40		71
268	59		3
269	25		1
270	30		48
271	84		29
272	16		2
273	44		27
274	87		60
275	3		16
276	20		18
277	44		8
278	75		13
279	98		24
280	11		95
281	25		18
282	74		65
283	49		46
284	30		63
285	27		55
286	21		78
287	98		8
288	77		84
289	63		37
290	66		36
291	14		52
292	81		64
293	52		94
294	78		24
295	55		40
296	73		54
297	21		26
298	75		91
299	4		83
300	36		79
301	52		38
302	7		86
303	71		55
304	67		79
305	7		75
306	89		42
307	10		34
308	49		29
309	76		84
310	60		33
311	67		62
312	68		79
313	99		82
314	10		34
315	62		69
316	53		9
317	69		5
318	87		19
319	74		94
320	9		75
321	62		73
322	14		37
323	2		74
324	80		9
325	42		1
326	41		92
327	21		4
328	5		10
329	11		84
330	76		61
331	85		38
332	4		35
333	41		46
334	1		43
335	98		18
336	43		64
337	75		97
338	13		100
339	35		61
340	92		55
341	30		84
342	41		62
343	21		77
344	90		20
345	82		98
346	45		54
347	11		99
348	52		34
349	40		55
350	60		97
351	69		17
352	26		68
353	41		93
354	40		51
355	48		81
356	2		87
357	33		92
358	48		8
359	46		77
360	80		46
361	60		41
362	95		72
363	27		73
364	5		52
365	12		55
366	90		41
367	63		74
368	38		81
369	67		30
370	98		59
371	26		65
372	46		96
373	2		40
374	93		29
375	99		19
376	14		9
377	90		78
378	72		98
379	10		41
380	32		44
381	85		64
382	55		27
383	34		91
384	56		54
385	31		35
386	9		60
387	59		71
388	78		8
389	82		81
390	97		74
391	8		19
392	98		68
393	76		38
394	35		87
395	69		17
396	11		56
397	14		95
398	18		36
399	12		88
400	32		64
401	9		93
402	46		63
403	72		31
404	95		49
405	4		94
406	60		16
407	65		14
408	69		14
409	26		96
410	24		65
411	90		90
412	67		41
413	12		87
414	95		76
415	11		18
416	92		6
417	99		87
418	77		57
419	58		56
420	60		17
421	51		7
422	100		82
423	14		40
424	32		33
425	88		58
426	54		78
427	68		36
428	50		31
429	10		32
430	99		69
431	78		34
432	3		70
433	92		49
434	31		70
435	55		39
436	55		99
437	28		28
438	82		63
439	76		53
440	40		65
441	88		87
442	91		54
443	10		96
444	33		18
445	63		25
446	93		41
447	51		44
448	89		89
449	8		2
450	15		49
451	61		1
452	50		23
453	78		40
454	97		98
455	59		73
456	23		42
457	67		76
458	66		62
459	48		41
460	95		49
461	41		84
462	58		90
463	65		18
464	31		41
465	36		43
466	74		22
467	99		86
468	94		56
469	3		4
470	11		35
471	67		65
472	100		62
473	88		67
474	3		19
475	23		78
476	16		39
477	58		89
478	59		74
479	23		100
480	16		100
481	13		91
482	95		80
483	31		84
484	13		8
485	99		14
486	41		82
487	4		62
488	1		89
489	7		1
490	11		67
491	40		58
492	1		87
493	12		76
494	37		45
495	100		67
496	5		15
497	61		11
498	78		97
499	49		70
